0.000000 1.000000
0.010000 1.000050
0.020000 1.000200
0.030000 1.000450
0.040000 1.000800
0.050000 1.001251
0.060000 1.001802
0.070000 1.002453
0.080000 1.003205
0.090000 1.004058
0.100000 1.005012
0.110000 1.006068
0.120000 1.007226
0.130000 1.008485
0.140000 1.009848
0.150000 1.011313
0.160000 1.012882
0.170000 1.014554
0.180000 1.016331
0.190000 1.018213
0.200000 1.020200
0.210000 1.022294
0.220000 1.024494
0.230000 1.026802
0.240000 1.029217
0.250000 1.031742
0.260000 1.034376
0.270000 1.037121
0.280000 1.039976
0.290000 1.042944
0.300000 1.046026
0.310000 1.049221
0.320000 1.052531
0.330000 1.055957
0.340000 1.059500
0.350000 1.063161
0.360000 1.066942
0.370000 1.070843
0.380000 1.074866
0.390000 1.079012
0.400000 1.083283
0.410000 1.087679
0.420000 1.092202
0.430000 1.096853
0.440000 1.101635
0.450000 1.106548
0.460000 1.111594
0.470000 1.116774
0.480000 1.122091
0.490000 1.127546
0.500000 1.133141
0.510000 1.138878
0.520000 1.144758
0.530000 1.150783
0.540000 1.156956
0.550000 1.163278
0.560000 1.169752
0.570000 1.176380
0.580000 1.183163
0.590000 1.190104
0.600000 1.197206
0.610000 1.204471
0.620000 1.211901
0.630000 1.219498
0.640000 1.227266
0.650000 1.235207
0.660000 1.243324
0.670000 1.251619
0.680000 1.260096
0.690000 1.268757
0.700000 1.277605
0.710000 1.286643
0.720000 1.295875
0.730000 1.305304
0.740000 1.314932
0.750000 1.324765
0.760000 1.334804
0.770000 1.345054
0.780000 1.355518
0.790000 1.366200
0.800000 1.377104
0.810000 1.388233
0.820000 1.399593
0.830000 1.411187
0.840000 1.423019
0.850000 1.435093
0.860000 1.447415
0.870000 1.459989
0.880000 1.472819
0.890000 1.485911
0.900000 1.499268
0.910000 1.512898
0.920000 1.526803
0.930000 1.540991
0.940000 1.555466
0.950000 1.570233
0.960000 1.585300
0.970000 1.600671
0.980000 1.616353
0.990000 1.632352
1.000000 1.648674
1.010000 1.665325
1.020000 1.682313
1.030000 1.699645
1.040000 1.717326
1.050000 1.735365
1.060000 1.753769
1.070000 1.772545
1.080000 1.791701
1.090000 1.811246
1.100000 1.831186
1.110000 1.851532
1.120000 1.872290
1.130000 1.893471
1.140000 1.915083
1.150000 1.937135
1.160000 1.959637
1.170000 1.982599
1.180000 2.006030
1.190000 2.029941
1.200000 2.054343
1.210000 2.079245
1.220000 2.104660
1.230000 2.130599
1.240000 2.157073
1.250000 2.184094
1.260000 2.211676
1.270000 2.239829
1.280000 2.268567
1.290000 2.297904
1.300000 2.327853
1.310000 2.358428
1.320000 2.389644
1.330000 2.421515
1.340000 2.454056
1.350000 2.487284
1.360000 2.521213
1.370000 2.555861
1.380000 2.591244
1.390000 2.627379
1.400000 2.664285
1.410000 2.701979
1.420000 2.740481
1.430000 2.779809
1.440000 2.819984
1.450000 2.861025
1.460000 2.902953
1.470000 2.945791
1.480000 2.989560
1.490000 3.034282
1.500000 3.079982
1.510000 3.126682
1.520000 3.174407
1.530000 3.223184
1.540000 3.273037
1.550000 3.323993
1.560000 3.376081
1.570000 3.429327
1.580000 3.483762
1.590000 3.539414
1.600000 3.596315
1.610000 3.654497
1.620000 3.713990
1.630000 3.774830
1.640000 3.837050
1.650000 3.900686
1.660000 3.965773
1.670000 4.032349
1.680000 4.100453
1.690000 4.170125
1.700000 4.241404
1.710000 4.314333
1.720000 4.388954
1.730000 4.465313
1.740000 4.543454
1.750000 4.623425
1.760000 4.705275
1.770000 4.789051
1.780000 4.874807
1.790000 4.962595
1.800000 5.052468
1.810000 5.144484
1.820000 5.238699
1.830000 5.335173
1.840000 5.433967
1.850000 5.535143
1.860000 5.638767
1.870000 5.744906
1.880000 5.853627
1.890000 5.965003
1.900000 6.079105
1.910000 6.196009
1.920000 6.315793
1.930000 6.438536
1.940000 6.564321
1.950000 6.693232
1.960000 6.825357
1.970000 6.960786
1.980000 7.099613
1.990000 7.241932
2.000000 7.387842 1


0.000000 1.000000
0.400000 1.080000
0.800000 1.353024
1.200000 1.963508
1.600000 3.289269
2.000000 6.331186 2


0.000000 1.000000
1.000000 1.500000
2.000000 4.500000 3


